94 4 
0.654081 1.83334 0.30276 0.251185
0.686597 1.76831 0.291314 0.251082
0.474067 2.19337 0.369571 0.254337
0.23829 2.66492 0.467249 0.256723
1.27156 0.598375 0.151926 0.246921
0.0351859 3.07113 0.546875 0.261719
0.690524 1.76045 0.28976 0.250977
0.357671 2.42616 0.416643 0.256164
1.29764 0.546224 0.1492 0.247009
0.565017 2.01147 0.334655 0.253425
0.400554 2.34039 0.399239 0.255242
0.217242 2.70702 0.475673 0.258312
0.255569 2.63036 0.459895 0.25694
1.38796 0.365582 0.141106 0.247396
0.144514 2.85247 0.50826 0.257248
0.388145 2.36521 0.404076 0.255333
0.671046 1.79941 0.296758 0.251146
1.46163 0.218241 0.137134 0.247811
0.368353 2.40479 0.412214 0.255912
0.215357 2.71079 0.47687 0.257834
1.51661 0.108285 0.135012 0.247869
1.53593 0.0696435 0.134867 0.248114
0.0435112 3.05448 0.546053 0.261308
1.21658 0.708331 0.158929 0.246795
0.619209 1.90308 0.314627 0.251926
0.730265 1.68097 0.27625 0.25027
0.119852 2.9018 0.517875 0.259024
0.395527 2.35045 0.401247 0.255414
0.513023 2.11545 0.354515 0.253548
0.505169 2.13116 0.357936 0.253627
0.217713 2.70607 0.475713 0.258088
1.46163 0.218241 0.137134 0.247811
0.504384 2.13273 0.358103 0.253655
0.480036 2.18143 0.36734 0.254379
0.3217 2.4981 0.431711 0.25644
1.49556 0.150383 0.135711 0.247854
1.46399 0.213529 0.136961 0.247908
1.41985 0.301808 0.1389 0.24732
1.21517 0.711158 0.159013 0.246816
0.238133 2.66523 0.467109 0.256919
0.727752 1.686 0.277665 0.25025
0.425687 2.29013 0.388689 0.255469
0.203262 2.73498 0.482071 0.257966
0.0714714 2.99856 0.536542 0.260648
0.249443 2.64261 0.462098 0.256981
1.32403 0.493445 0.146528 0.247248
1.43477 0.271963 0.138498 0.247623
0.336622 2.46826 0.425436 0.25624
1.26418 0.61314 0.152861 0.247143
0.337094 2.46731 0.425036 0.256428
0.198549 2.7444 0.48433 0.257678
0.473282 2.19494 0.369938 0.254156
1.55258 0.0363426 0.13464 0.248344
0.0893785 2.96274 0.529173 0.259983
0.461815 2.21787 0.37459 0.254694
0.726495 1.68851 0.277838 0.250446
0.0466528 3.04819 0.545227 0.261475
0.414063 2.31337 0.394072 0.255088
1.55635 0.0288026 0.134845 0.248364
0.266722 2.60806 0.455078 0.256575
0.183784 2.77393 0.490416 0.257881
1.33612 0.469255 0.145457 0.247244
1.29921 0.543083 0.148787 0.247056
0.539413 2.06267 0.345005 0.253022
1.29041 0.560676 0.150027 0.246985
0.552922 2.03566 0.339543 0.252923
1.2857 0.570101 0.150257 0.24693
0.316987 2.50753 0.433896 0.256463
0.188339 2.76482 0.488463 0.257881
1.29654 0.548423 0.149315 0.247228
0.698849 1.7438 0.287332 0.250915
0.187554 2.76639 0.488735 0.25813
1.35953 0.422445 0.143723 0.247396
1.31963 0.502242 0.146825 0.247166
0.535015 2.07147 0.346672 0.253284
1.37209 0.397312 0.142204 0.247278
1.30471 0.532087 0.148579 0.246988
0.051051 3.0394 0.54437 0.261846
0.25824 2.62502 0.458613 0.256309
1.41246 0.316573 0.139561 0.247494
0.73482 1.67186 0.274856 0.250105
0.645285 1.85093 0.305947 0.251426
0.463229 2.21504 0.373984 0.254446
1.1847 0.772105 0.163713 0.246802
1.55933 0.0228338 0.134845 0.248364
0.679528 1.78244 0.293616 0.251456
1.23261 0.676286 0.156994 0.246807
0.317459 2.50658 0.433307 0.256899
1.51991 0.101688 0.135113 0.247931
0.137445 2.86661 0.510278 0.258643
0.730579 1.68034 0.276046 0.250247
0.316987 2.50753 0.433896 0.256463
0.26845 2.6046 0.454206 0.25713
1.47718 0.187139 0.136325 0.247619
