61 4
17 68 49 f
68 68 38 f
68 48 30 f
68 68 31 f
45 68 68 f
68 68 68 f
68 68 68 d
68 68 68 f
68 53 68 f
68 41 68 f
68 48 68 f
68 38 68 f
68 68 35 f
68 68 68 d
68 16 68 e
68 68 14 e
39 68 68 f
43 68 68 f
49 68 68 f
68 50 42 f
68 44 50 f
68 32 55 f
26 20 25 r
68 30 27 r
30 41 29 e
68 68 11 f
68 68 13 f
68 68 68 f
43 68 68 f
27 68 23 f
26 68 26 f
68 68 32 f
37 68 57 f
40 68 51 f
42 68 48 f
42 45 48 f
68 22 21 e
51 68 21 f
55 68 22 f
16 27 68 d
27 56 68 f
42 44 68 f
47 36 68 f
52 12 68 d
9 40 68 d
23 68 68 f
26 68 68 f
13 68 68 f
13 56 68 f
25 68 25 f
24 68 28 f
26 68 34 f
7 19 68 d
17 12 68 d
68 20 68 d
25 15 27 r
28 12 23 r
36 27 25 r
48 34 68 d
68 20 14 e
35 68 18 f
